BCEDice_list
0.9217678228158642
0.8955277413963966
0.8899872234419324
0.8812949492193943
0.9179804103027416
0.9348418823524429
0.8423140797710409
0.7856076978112451
0.7797458299269171
0.7712458765342203
0.7974771229168005
0.7387132371897991
0.7455612518386605
0.7708291461720893
0.838899682960576
0.7530361084021443
0.8285174150669313
0.7179697824388791
0.6549750955957186
0.7249592277050452
0.7191702780672801
0.7194464087364608
0.768132036041691
0.7217311420998649
0.7277547956631673
0.7582750173487692
0.8398984342406335
0.7333982625071276
0.7311433988550791
0.6389884097976795
0.8327805538883603
0.7574075203035925
0.6764343675046075
0.8382459932199945
0.804558940474578
0.7604092929317288
0.6172188258864958
0.6211182497045457
0.7963132255623574
0.8464440624301525
0.6062456144663515
0.7411389339620975
0.8465412602662646
0.7586752056670146
0.821024647933151
0.8465427408627443
0.838688155887207
0.8465412761404444
0.8465151815016618
0.7691226908622726
0.6260838293605868
0.7787215229154437
0.8455874721601297
0.6116025274362759
0.568861202870423
0.8437976129879966
0.8465412802676666
0.7892651534595972
0.6390253795503916
0.7972688081128012
0.7469815284017493
0.8465413036020604
0.8088060850762788
0.8220832900624343
0.8465412811556751
0.6039760844855032
0.8465412781877145
0.6186233784750023
0.7488951586530288
0.5838384835395203
0.8246608889865714
0.7342047922907934
0.7395260047631811
0.7170337337333205
0.8065504478366401
0.7193818539008628
0.8365251458998095
0.8404929908980024
0.5660357044265529
0.7981688462508831
0.6301044022445922
0.8439579786893737
0.8405072486861566
0.8210025665193178
0.8465412797402135
0.8456428085597066
0.8438586290403443
0.6524206086226837
0.8461999091029987
0.8465412810973395
0.699528695890972
0.7309473196502928
0.8436976986850011
0.8115292109694033
0.8462872053227195
0.8324177985945345
0.8415087929364136
0.8465412811091326
0.6507235190957824
0.7800534708363609
0.633111851320769
0.647919244704234
0.8428776091964464
0.8241620228681726
0.7464238911979227
0.8057555683235034
0.8465412811117908
0.8455403247946942
0.8348415233117431
0.8465412809988441
0.5584605397098403
0.7656867105125057
0.846541281113549
0.5689980976562277
0.839772202343387
0.846081119937085
0.8350982057789891
0.7367909051551921
0.7628859487183387
0.8046163293561873
0.8464209486985153
0.5754320389804622
0.557706977745
0.8465410707431975
0.826779036543668
0.7106529367628286
0.8448985837833493
0.7121087912727156
0.8465412811238242
0.8465412811139488
0.8465412811078473
0.8364225755815744
0.8447158786013719
0.5657079541592548
0.8432631751906261
0.8465412811130272
0.6500956883255664
0.7426130146728189
0.8317940537285755
0.8465412810715665
0.8273228308132977
0.5663119739572371
0.5526290267758728
0.8444080228017815
0.8020219468227392
0.7848989014948334
0.5812700889207876
0.8370785741425704
0.6572762556875182
0.8248933217109665
0.8465412811143822
0.7494253217319278
0.8461747969949702
0.8465412810986505
0.7570235097774997
0.8465412535558898
0.770962686622455
0.7551463159968437
0.7473073781861945
0.8462410920962034
0.7373602437763724
0.846203480508756
0.761150659219859
0.6591121832048132
0.639885735370318
0.8465425019403346
0.8418510007570212
0.8449287625631532
0.8225080577492583
0.8459682562657366
0.8374494656738383
0.5427950701904644
0.6384365093135718
0.8465412811134619
0.7635553084492316
0.7326823540544092
0.7858316712751922
0.8183937984568723
0.7814710839569298
0.7243802237181782
0.8056995386812054
0.8049832570022262
0.7581018700166364
0.8449237317672778
0.8404896150811447
0.8460897616800748
0.846541281120811
0.8465412811057051
0.8238508528599201
0.7223670756647985
0.8465412811134623
0.8462566580720767
0.8465412811143355
0.7694508673795875
0.7505122960163254
0.8459723206347638
0.8439729290511387
0.5427949142241719
0.846541281102887
0.6387105432139016
iou_list
0.9799235114303876
0.9720133693561608
0.9705894459737291
0.984236660746677
0.9679713215006831
0.9679349007849237
0.9863813978414512
0.9165007956069797
0.9207869482916472
0.9024046449238923
0.9422309027167995
0.8728877924059134
0.874541994018589
0.9053201287633512
0.9919443165149978
0.887090613373323
0.980765848621701
0.8417983048504616
0.7523739908817036
0.8442835245840982
0.8410746349877648
0.8421982687385868
0.9011988580092709
0.843486033701199
0.8551458118164647
0.8822914432617694
0.992962269293648
0.8594558579566035
0.8483274059705557
0.7260892123585494
0.9856011823948843
0.8912831507142874
0.7841564983498998
0.9367098089653052
0.9527253461428247
0.8901086991796836
0.6903664126151251
0.7000822227563276
0.9423816330419844
0.9998380476004419
0.6736344571407054
0.870485095057374
0.9999353499307435
0.8885669573626326
0.9718332467204791
0.9999354136630991
0.9915138105297827
0.9999353718007382
0.9999057415374565
0.9059957752995672
0.7067564793883294
0.919058169345649
0.9989727242924298
0.6850115432193092
0.6057435200243841
0.9971248245051695
0.9999353784461312
0.9055210401981818
0.7276806719304812
0.9403740649246626
0.8779772585384432
0.9999353796522567
0.9586360520503887
0.9732680143974193
0.9999353796156816
0.6701101612367013
0.9999353754339503
0.6924039745258211
0.8841610418343208
0.6291863739693487
0.976434136732371
0.8669156214035452
0.8676447571935346
0.8372418611450453
0.9560971998759689
0.8425829647765767
0.9895570220961863
0.9936941484102337
0.6002990179672172
0.9444861729145135
0.7095945894490978
0.9972675130731012
0.993714230623818
0.9723070396892298
0.9999353779937202
0.9990275749579552
0.9971400043883467
0.745777820802053
0.9995906314156578
0.9999353797322983
0.818540591731586
0.8587002610295759
0.9969867342999297
0.9617885403175352
0.9996796448444584
0.9850428641669123
0.9947812729081192
0.9999353797577966
0.7444628288742049
0.9234400041089428
0.717904667877138
0.734260179364717
0.9961453500520034
0.9755213646789516
0.8726281484592988
0.9529692199321409
0.9999353797588655
0.9989215468756126
0.9877294081902862
0.9999353796207947
0.5856169111922671
0.8965050821388882
0.9999353797622296
0.6036033421387458
0.9929085412839134
0.9994689215122955
0.9879759094762747
0.859358275266424
0.8983378857653285
0.9511870056288325
0.9998148786167274
0.6156001968182154
0.5840049979595392
0.9999351701420449
0.9787671203630797
0.8257775822265463
0.9982637063690567
0.8185938885495828
0.999935379760712
0.9999353797515774
0.9999353797496112
0.9894153817637275
0.9980891311757428
0.5959265822964487
0.9965991062008173
0.9999353797616218
0.7420481773314397
0.8707658231487441
0.9845740354912728
0.9999353796895698
0.978996649560782
0.5998136801302777
0.5739052977888065
0.9977336209035578
0.948780762530324
0.927214444324356
0.6285599144706722
0.9900463504036656
0.7510660489747815
0.9765084180296592
0.9999353797641559
0.8777701832370255
0.9995644901853978
0.9999353797323931
0.8848794676124911
0.9999353522188601
0.9091414240252952
0.884821298614606
0.8811197857530683
0.9996327817237859
0.8643338212610282
0.9995942724954161
0.8953959022287246
0.7495208359095876
0.7224830016511138
0.9999354129233213
0.9951285799173534
0.9982999073438309
0.973733232864439
0.999359103125457
0.9904334039392659
0.5531804543369031
0.7177471443486045
0.9999353797628704
0.8974160322499741
0.8592050353236443
0.9266615555829422
0.9693556438736127
0.9212132988039616
0.8427142636711747
0.9515175979590543
0.9522474000389191
0.8916763567181765
0.9982797562106676
0.9935500889348469
0.9994774595606818
0.9999353797641342
0.9999353797540466
0.9756825058763212
0.8428912400484304
0.999935379762991
0.9996485504197339
0.9999353797639046
0.9036786316361991
0.8838572248165203
0.9993604201478298
0.9972982304543645
0.553815536090482
0.9999353797493696
0.7172489514109888
dice_list
0.9607037633377011
0.9456384165509343
0.9429360101524528
0.9690232008593196
0.9380368056087228
0.9380174932781892
0.9731600113560251
0.8467912687194875
0.8589280802964637
0.8232906189022177
0.9002930581410699
0.7777325633161644
0.7941939118218201
0.8358455941854868
0.9843897879154411
0.8101665230949129
0.9627127218271804
0.7296524189471554
0.6122204850123854
0.733315541811291
0.742809900748775
0.7411920963940632
0.8426184054141477
0.7320306659066429
0.7499171585906509
0.7908986188701593
0.9866607418767981
0.7686698754658223
0.7383395471267975
0.5800612837008489
0.9720754236145186
0.8143109111807179
0.6586124549855296
0.8814152190682775
0.9157920626497051
0.8035310615737489
0.5381597933657895
0.5442101045716253
0.8984645250538111
0.9997412569597444
0.5174707099009818
0.7756943237325127
0.9999353200082686
0.8023342234752737
0.9489794697760697
0.9999354030526678
0.9834990380041105
0.9999353638084141
0.9998761334907904
0.8423351639142632
0.5559615826818344
0.8604585286048335
0.9980266419801153
0.527726435636823
0.442800551078512
0.9944637157981959
0.9999353771234433
0.8281063291356916
0.5844108341979852
0.9003201035035462
0.7854204835207895
0.999935379238809
0.9244416839786013
0.9511074812544598
0.9999353794627941
0.5123492237663692
0.9999353710874461
0.5432483951596593
0.8047645001666587
0.46986088421513655
0.9562290898078137
0.7738175003146353
0.7724139010455413
0.7394100984749621
0.9198939350969709
0.7446939535108846
0.9799391454805539
0.9878561846503314
0.437055302913026
0.9033095051976687
0.5663796116432763
0.9947822604881746
0.9878842281561563
0.9488887912290976
0.9999353762188986
0.9981437130415254
0.9945835048946462
0.6105641563755717
0.9992548185640546
0.9999353797002833
0.6967090437147789
0.759628980815009
0.9942638344068939
0.9299993602466973
0.9994288470969037
0.9717500425554848
0.9898762654755775
0.9999353797514136
0.6065633453844972
0.8655706417160252
0.5657516147973448
0.6020833386823378
0.992542478099084
0.9552755949423437
0.7997386599790232
0.9184857108721569
0.999935379753534
0.9979392793891052
0.9765814657070936
0.9999353794771558
0.42282148404336795
0.8384732073550837
0.99993537976028
0.44371599175855314
0.9864267753093489
0.9990180109788703
0.9770985427836748
0.7803723620306701
0.8322675278955783
0.9161766095458099
0.999695482898837
0.45723313126048576
0.4215080666945274
0.9999349605356129
0.960448479043594
0.7276151896390549
0.9966569352044832
0.7311545473847203
0.9999353797571587
0.9999353797387465
0.9999353797349763
0.97973898950274
0.9962922865927029
0.43699850752918634
0.9933874530616054
0.9999353797590637
0.5977494123322702
0.7917638870462745
0.9704901567161373
0.999935379614642
0.9615662480929296
0.43838905360216146
0.4109664882523072
0.9956609987943171
0.9109704670847018
0.8768886662228615
0.4683917923082092
0.9810411835361352
0.6210339337569928
0.9567301149984732
0.9999353797641434
0.8060171588850631
0.9992038847767221
0.9999353797003894
0.820949632884111
0.9999353246736852
0.8490833308576259
0.8170660642125276
0.8011990181584107
0.9993370734622256
0.7820423524287721
0.9992619142435241
0.8289575785630321
0.6248852337244192
0.5873239011494749
0.9999354124765862
0.9905767885611045
0.9967169595519173
0.9519135543204427
0.9987923054335969
0.9817814956977796
0.3918475772884632
0.5824553597781834
0.9999353797615688
0.8210541221070378
0.772063205034507
0.8786494787563877
0.9437335135550453
0.8693401785426308
0.7559724163007707
0.918434959817055
0.9169776536902973
0.8221658700182789
0.9967067988214978
0.9878552700257426
0.9990352291840121
0.9999353797640328
0.9999353797439102
0.9545129120036471
0.7506535544285468
0.9999353797618104
0.9993679224399399
0.9999353797636387
0.8458687912841333
0.8079724458197322
0.9988012389234292
0.994809664167876
0.39245536291265
0.9999353797345341
0.5838304089137161
