BCEDiceLoss_list
0.8920820105034375
0.8564103004993542
0.8177248265181452
0.7797617024689362
0.7407868476476347
0.7048737376102183
0.6716297070411904
0.6315086178261755
0.6314138937597755
0.6267587997633979
0.5993145317625014
0.5980820105305406
0.5937048878914188
0.5848613186581098
0.5856863386853677
0.5656295645939989
0.5946880819006399
0.5768316696092693
0.6010618698905746
0.5763111491482029
0.5843021228711449
0.6040523935660476
0.574501706242364
0.5807711342211356
0.5989293910586607
0.5728873013755139
0.5889043886541305
0.5933901437792833
0.6001663960688268
0.598758620747151
0.6041607444138845
0.6080867382436626
0.6135278920968105
0.5818449807106196
0.6001479473353809
0.5847908138984769
0.5921834221084509
0.5975903567035598
0.5855410096253961
0.6081437480760272
0.6188120490280383
0.5878354356296779
0.5975938098723823
0.574089759066539
0.5762315152053176
0.6004251983900126
0.566707080137626
0.5857437049618431
0.5661072956972186
0.5763484331736853
0.5707789895877441
0.5680501588171823
0.5889107939763297
0.5800089890683077
0.5743382523403617
0.5561773349405063
0.5650645532610549
0.5690376867809249
0.5672659632484774
0.5705108827244147
0.5420493414287018
0.5543099601205724
0.5503350474262018
0.5544263283513254
0.5592107635693481
0.5587800142940713
0.5700396623910027
0.5617539267164435
0.5605597179345769
0.5595116327401133
0.5528102884257934
0.5484536904428102
0.5525939984329838
0.5538983292471533
0.5535702125491995
0.5406003019978427
0.5618894733723085
0.5568784235668871
0.5601894767741069
0.5810062500257723
0.555046641717195
0.5762055343814197
0.5553451710929957
0.5565966910808334
0.5399873864999297
0.5637889476388401
0.5460548262000348
0.5319661629154249
0.5340426997478409
0.5175040535928268
0.5543567911356375
0.5524395108825322
0.541084985943041
0.5461953741785058
0.5391976617155706
0.5310174321943539
0.5320093358950907
0.5398898940317711
0.5371528814874132
0.5520139605428475
0.5442464799890266
0.572945685024106
0.5469195391150534
0.5371511884742523
0.53553570600218
0.5482059203423164
0.5543095418558752
0.5491394960625359
0.5477895214062892
0.5365347129210553
0.5659799785915988
0.5402876746381606
0.5637485762760273
0.5110162945291732
0.5592845751036769
0.5445218779804634
0.538137710592086
0.567643245593387
0.5378611488847763
0.5438365265290127
0.5513143552590725
0.5472882853463316
0.5363395134820695
0.5425779479527011
0.5339816271726988
0.5432754812829085
0.5214700328635423
0.5367821173970847
0.5401316197109693
0.5484331389157366
0.5566964896682772
0.528834164976307
0.5402947967680918
0.5523460880697646
0.541888588162368
0.5278717056042965
0.5444708552270171
0.5333145118161273
0.539040478499314
0.5464959111193137
0.5404251976487434
0.5456045705038962
0.5458109728359979
0.5404444416144789
0.5479072011434077
0.5558832979356163
0.537760529005061
0.5066832385398161
0.5455482840298654
0.5294270054874852
0.5444927249330525
0.5244811914680438
0.525460834498916
0.5409372181634275
0.5415594855683799
0.5328661897115363
0.5386356216699973
0.5363286774671531
0.5451459259782042
0.5426716196770865
0.5446189525080842
0.5403773244302813
0.5205195428253808
0.5252251416417097
0.5231457999796433
0.5263895690140592
0.542852931604372
0.5343564502474681
0.5262387874611213
0.5425525990090815
0.5317337779099794
0.5286863318820797
0.5296838771443448
0.5228345270364505
0.5327022420050236
0.5416629233992118
0.5371661712690626
0.5393715090307014
0.5210194007113125
0.5452083426605396
0.5357678276535113
0.545075500772598
0.5345814092837426
0.537821452993382
0.5305188519895991
0.5302679086079426
0.5574342366657605
0.5397207938640287
0.5404612053315108
0.5330749374188286
0.5118717346235512
0.5398685164626071
0.525892757832108
0.5340281720938536
0.5268304955552022
0.525741619939084
0.5242077968489577
0.53984945920357
0.5214962594670784
0.5355515746323483
#############################################
DiceLost_list
0.9473855239394984
0.9193697004886424
0.8766135509344628
0.8179144856063807
0.7549497940043886
0.6961237028940171
0.6366718835590899
0.5607617898095589
0.5635517713833152
0.55544330956337
0.5021526836077117
0.49856218660751805
0.48937195306606596
0.474347190926911
0.47479245322738567
0.4375983086960165
0.4919935479433205
0.45652935166037617
0.5074696868175325
0.4566170203355633
0.4726369667266141
0.511465269844534
0.4536254461611255
0.46658057403756237
0.500816752238152
0.4511500677231017
0.48376037975575714
0.4904736418534139
0.5034973613976766
0.502872170507955
0.5132452534327755
0.5214816180526531
0.5334390415618611
0.4695148297391272
0.5055593695216921
0.47438357089700783
0.48933698082810784
0.4991326626677582
0.4756430373107452
0.5218396129805972
0.5434005965196501
0.48119213273825645
0.5006850051359603
0.4538592221083711
0.45771513666414126
0.5062965164695555
0.43799084311848857
0.47701626815488846
0.4381248563797353
0.45853199523130944
0.44733850368025524
0.44091939489786425
0.4830956028323594
0.4654038993485998
0.4533492953138806
0.4179112308383971
0.43466669707399747
0.4431251874505831
0.4400845132742931
0.44646923899102736
0.38962725153079436
0.4147286895005166
0.40697495719194415
0.41418220653645293
0.42402808104937
0.42286998435283474
0.44549797788883644
0.42901784401044485
0.42747415990237264
0.42430573429773355
0.4102358742300105
0.4029104250377369
0.4112226329136494
0.41340578153644897
0.41208501349369814
0.38694370430879826
0.42876191213706144
0.41874258593659447
0.42615148989077917
0.46772788012169697
0.4153808894652243
0.4586050451366979
0.4155115721722925
0.41892520046467796
0.3862305610441746
0.43266705422524554
0.398773264804428
0.37040603589830123
0.3743577357779878
0.34194153010881445
0.41425636794952897
0.4104836965244174
0.3887949029515836
0.39753837643301393
0.3841597813265648
0.36880118071767326
0.37035923930543513
0.38631705970859465
0.3792280185033474
0.40990261553684487
0.39450591006291647
0.451870241291381
0.3989743989979779
0.37994527242340775
0.37732034941916975
0.4018548113341628
0.41441447953802646
0.40511329257481027
0.40166623384930555
0.3791691723369232
0.4376618752832493
0.38653016798201756
0.4328343376790672
0.32906257832685076
0.4244653296715465
0.394917978367883
0.3820933212972439
0.44112223405522527
0.3815054073090906
0.39377459211156834
0.4085808324282648
0.4006329973470778
0.3794978174696998
0.39186500053825835
0.3741144455546218
0.39338110144887284
0.34977191719164175
0.3805275923425451
0.38674837192360223
0.4035037129215969
0.4190863936312436
0.36324913811480253
0.38648546664681904
0.41100242111532476
0.3901245064139551
0.362062637206359
0.3947015713690606
0.37302601009399045
0.3843032544035075
0.3993641435716372
0.38642569362280693
0.3968299828022331
0.3968811273102113
0.3866313562526115
0.4020093596308315
0.41675166463526264
0.3815947379291693
0.3204431431503417
0.3973162549003469
0.36552631028845617
0.39522412432890247
0.3552515548128106
0.35808797766302586
0.38772312297961914
0.3897254210528869
0.3720238707804951
0.3841029586867623
0.3792141512568982
0.397253915872334
0.392367015515458
0.3957507732632722
0.38747152322203
0.34713075182456593
0.35735393077627875
0.35290785578763184
0.3592880328681618
0.39210617760143524
0.3755241959522445
0.3588298690555412
0.39187763363654127
0.36957319268782945
0.3638825347674788
0.36610520235164407
0.35222329824522086
0.37204122309948956
0.39017374415733386
0.38086279002980555
0.3850006813002944
0.34877813457713225
0.397371974812663
0.37852301421879553
0.39651622019960864
0.3763478531632927
0.3823677706292943
0.3677032660386398
0.3667295794682714
0.42064501199943816
0.3859571139299071
0.38760564053448593
0.37284042241525983
0.33050592845704646
0.3862610363164991
0.35830512085400473
0.3747713707774773
0.36044546881753553
0.3588118882397106
0.35550766990470384
0.3854777078076324
0.3496882160260504
0.3771205401429589
################################################
iou_list
0.9729323035220131
0.9579122791444801
0.9340518265897032
0.8994514441394449
0.8596253633490887
0.819435364270109
0.776666548078072
0.7155034622996442
0.7174649848587255
0.7085169558341459
0.6623673127769191
0.6590610501526087
0.6534870738971857
0.6363684254154235
0.6379195301562729
0.6000592876986267
0.6526048099634394
0.6218373198595253
0.6641338974087225
0.620908311647936
0.6351175862142879
0.6685164085534329
0.6159749566606896
0.628457044026067
0.6595186953564054
0.6144573222147736
0.6438241875721004
0.6524138118405284
0.6609939189800561
0.6607558929894847
0.6702890270650371
0.6767946169866647
0.6853006809258766
0.6280007416054354
0.6616599400415837
0.6352586112142165
0.6475109038960589
0.6574150932572732
0.6361862173511675
0.67656526833418
0.6934375648759681
0.6397058770900431
0.6588943628521287
0.6166522395454014
0.6202932066640829
0.6623811264102362
0.6028009670396997
0.6358040112783379
0.6023712056581392
0.6195451000857266
0.6104330197881903
0.605666074775452
0.6448447475929988
0.6267210607228214
0.6177587364903492
0.5816047005866295
0.6007024388067104
0.6070048218694
0.6035704817739896
0.6097878984763772
0.5552297843850875
0.5776868520082313
0.569414421900514
0.5796565592229221
0.5885387437992756
0.5883787865823232
0.6089932883297863
0.5946845588195858
0.5911257795535488
0.5889868673295662
0.5749338491845619
0.5678383714482413
0.5767500150647219
0.5761549112066066
0.5774314535692436
0.5512557549407169
0.5918879487969392
0.5829988356266822
0.5898767584743821
0.6283447775267946
0.5811350498993916
0.6202440212645112
0.5819187257187279
0.58475097222488
0.5498493908135561
0.5986316342975588
0.5623233264576316
0.5337703512408584
0.5394505231518582
0.5036985190556095
0.5809560777268615
0.5754529541087825
0.5532355257758588
0.5626886667186609
0.549211390930565
0.5313610670545847
0.53405928861791
0.5477903389934928
0.5438667345795838
0.5745001489164226
0.5594604720808319
0.6116908680290957
0.5626913221425064
0.5451272732361877
0.5422722535762796
0.5670168636640058
0.5775506615388823
0.567765324924076
0.5674204403980467
0.5438737011763479
0.6029558355333575
0.552180633299304
0.5988671540199612
0.48978876509602465
0.5881834296988109
0.5610211246527
0.5464208824987412
0.6065307593339584
0.5474132087241159
0.5597811453934085
0.5736348970699225
0.5660990758871883
0.5432777706048144
0.5567725034190747
0.5375983546543982
0.5564739442446939
0.5109048843313324
0.5454471670472443
0.5496049814088656
0.5671287631425967
0.5846575688244531
0.5269831040566221
0.5510572479922015
0.5759471242478235
0.5547669502412869
0.5261700660037064
0.5608234705911229
0.5367406266654375
0.547739923792722
0.5633322936863919
0.552275709906119
0.5624867792528153
0.5613579889529549
0.5520007451627225
0.5658290984741763
0.5807599122705033
0.5463075356388073
0.47895334177108634
0.5596895915847415
0.527177107186963
0.5594402902419777
0.5182133169579288
0.5205733340856922
0.5520035100111592
0.5548397248259637
0.535953856177624
0.5475738343012216
0.5440088272674393
0.5602149099018797
0.5557258846858212
0.5599821707589566
0.5516033908245986
0.5089657369407345
0.5209793978214818
0.5161671289301034
0.5228839712575823
0.555370095214307
0.5394538631342357
0.5217679159050345
0.5560775906324646
0.5319423016915609
0.5264745849289786
0.5304810949941271
0.5144377816254624
0.5366806035977942
0.5536539973022707
0.5444364528197246
0.5491280152942525
0.5101352020352475
0.5590560459414556
0.5428360957960385
0.5590651818988678
0.5394614333321875
0.5469517731113367
0.5308209086156522
0.5306323405812424
0.5850098897269699
0.5498487529543788
0.5516833366869945
0.5365669036751649
0.4911347241669091
0.5498609533779804
0.520306015965696
0.5355876924534835
0.5228952816860033
0.5210242604698155
0.5154431703719186
0.5490226958789434
0.5123601595863218
0.5410404036931183

